1 0.5986084390624999 0.8501886765625001 0.3902499765625 0.7109111375 0.330652975 0.8052206765625 0.316655284375 0.9925873421875 0.5816112921875 1 0.5986084390624999 0.8501886765625001
1 0.40963987656249995 0.210144075 0.2036740125 0 0.106690146875 0.1951547421875 0.26866322187499997 0.38551928593749996 0.29765842343750004 0.331557709375 0.33365243125 0.36303528749999997 0.40963987656249995 0.210144075
1 0.728586934375 0.1606792875 0.63360270625 0.10821662031249998 0.5327499765625 0.2140982390625 0.5186217203125 0.345048075 0.6136060265625 0.4874467421875 0.7075903593749999 0.343549165625 0.728586934375 0.1606792875
1 0.7545825265625 1 0.7625812296875 0.9835936515625001 0.6495999578125 0.8696747406249999 0.5846108250000001 1 0.7545825265625 1
1 0 0.8801673421875 0.12268747499999999 0.962608675 0.1646805484375 0.757254740625 0.06774997656250001 0.671541059375 0 0.8112163171875 0 0.8801673421875
1 0.0627499765625 0.44281964843750005 0.0287030640625 0.6853060671875 0.2546656078125 0.75575583125 0.290659615625 0.5054339531250001 0.0627499765625 0.44281964843750005
1 0.4616312140625 0.5414083749999999 0.35664864375 0.37952353125 0.2977499765625 0.332208475 0.22966975781249999 0.46346383125 0.29165943437499997 0.673314496875 0.3726459734375 0.7377686765625 0.4616312140625 0.5414083749999999
1 0.45663204375 0.74526334375 0.497625221875 0.7347707406249999 0.600608153125 0.4364830421875 0.5246207859375 0.345048075 0.42774997656249997 0.35470566406250004 0.40264099218749994 0.434984075 0.46863002031249995 0.5459051640625 0.40564052500000003 0.6838070421875 0.45663204375 0.74526334375
1 0.7339999765624999 0.45031871093750003 0.61060649375 0.6418368625 0.77057993125 0.8711736515625 0.882561309375 0.628346496875 0.7339999765624999 0.45031871093750003
1 0.9989999765625001 0.35845519531250003 0.876562396875 0.6523294078124999 0.8755625015625 0.7992249203124999 1 0.8292035859375 0.9989999765625001 0.35845519531250003
1 0.9577499765624999 0.1803524578125 0.9615482859375 0.44847449843750004 1 0.32855983125 0.9995418546874999 0.16967289218749998 0.9577499765624999 0.1803524578125
1 0.2927499765625 0 0.3606479953125 0.1531846203125 0.6495999578125 0.031771015624999996 0.63960161875 0 0.2927499765625 0
1 0 0.5893741968749999 0.031702596875 0.608860375 0.06969631875 0.4364830421875 0.19267585468749998 0.46346383125 0.2176717046875 0.3390523765625 0.1456836875 0.26710353124999997 0.047749976562500004 0.2178477703125 0 0.399009709375 0 0.5893741968749999
1 1 0.8441929203124999 0.8627499765625 0.7596550453125 0.8605649906249999 0.9056491640625 1 0.9686043171875 1 0.8441929203124999
1 0.8114999765625001 0.3097112875 0.729586678125 0.4065043765625 0.8865607359375 0.6223507406250001 0.9425513484374999 0.488945709375 0.8114999765625001 0.3097112875
1 0.10569032812500001 0.1621782546875 0.09269245468750001 0.060250771875 0.0087064609375 0.082734828125 0 0.1876601046875 0.0626974359375 0.2221355875 0.10569032812500001 0.1621782546875