1 0.650376434375 1 0.64148345625 0.8780735765625 0.41075442500000003 0.7687333 0.369609321875 0.8708077484375 0.3839847578125 1 0.650376434375 1
1 0.24941262812499998 0.40457222187499997 0.290645209375 0.43083400000000005 0.3370587359375 0.26823657343749996 0.09555499218749999 0.0881171046875 0.0363199828125 0.295659921875 0.2308911015625 0.462263534375 0.24941262812499998 0.40457222187499997
1 0.58903671875 0.5153944578125 0.6548168921874999 0.3592229125 0.6415914093749999 0.1745076546875 0.538452359375 0.13562684687499998 0.45887446875000004 0.25496815 0.46923708125 0.387112715625 0.58903671875 0.5153944578125
1 0.8240834593749999 1 0.8274696921875 0.9877771187500001 0.6952452203124999 0.8903199578125 0.663774946875 1 0.8240834593749999 1
1 0.1950978859375 1 0.197483828125 0.8463143046875 0.086270778125 0.774652215625 0.0455108640625 0.9229615000000001 0.0582839390625 0.9915023156249999 0.07610769375000001 1 0.1950978859375 1
1 0.0389827953125 0.547990053125 0.0504166765625 0.7937903687500001 0.2857097140625 0.832252975 0.2747393640625 0.578391796875 0.0389827953125 0.547990053125
1 0.30682234375 0.7451338953125 0.398415571875 0.7978904171875 0.44956031406249997 0.5902666578125 0.31631723749999996 0.44401147031250005 0.249623228125 0.4052063265625 0.20697873281249998 0.5451919359375 0.30682234375 0.7451338953125
1 0.38165049375 0.409408059375 0.3718263578125 0.49271671718750004 0.45727691562499995 0.593758928125 0.42087059218749995 0.739640321875 0.48240727968749997 0.793607246875 0.5207818125 0.7774501265625 0.566811890625 0.46654981875 0.47513737968749997 0.3862746171875 0.38165049375 0.409408059375
1 0.7005706046875 0.461667709375 0.6146871109375 0.66928511875 0.8145110640625 0.8749084781249999 0.8796654234375 0.6178816406250001 0.7005706046875 0.461667709375
1 0.8782080750000001 0.642559946875 0.90443681875 0.7887212296875 0.971163115625 0.7951965015625 0.981844021875 0.53306828125 0.9441900953125 0.3333289640625 0.8782080750000001 0.642559946875
1 0.8706259640624999 0.16204862656250002 0.9240309468750001 0.4280448953125 0.9396355828124999 0.303471746875 0.9097514109375 0.1455940734375 0.8706259640624999 0.16204862656250002
1 0.27832179687499997 0.21846038281250002 0.5400247984375001 0.05740114843750001 0.5344839765625 0.0467612890625 0.44303219374999997 0.03876029375 0.1831644203125 0.075672771875 0.27832179687499997 0.21846038281250002
1 0 0.678748440625 0.0044149390625 0.7024391765625 0.0392053734375 0.717380425 0.0446409265625 0.5407207078125 0.17059389375 0.550360159375 0.172131178125 0.42319682500000005 0.08799994531250001 0.3617330875 0 0.33228936875000004 0 0.678748440625
1 0.9094011578125001 0.89660755 0.9663586921875 0.9131054796875 0.9714318296875 0.7886017828125 0.8845049765624999 0.7511767359375 0.9094011578125001 0.89660755
1 0.7507473375 0.31106968125 0.688113425 0.41873059687499997 0.8824883 0.6113628171875 0.9128440046874999 0.47092929375 0.7507473375 0.31106968125
1 0 0.32452234375 0.0292277796875 0.26301930156250003 0 0.1711751828125 0 0.32452234375