1 0.697954525 0.145799678125 0.70507945625 0.2654853265625 0.8341489078125001 0.2331940890625 0.8286953515625 0.1008000953125 0.697954525 0.145799678125
1 0.277877659375 0.31069310781250004 0.11159088749999999 0.3073505671875 0.1069969140625 0.4753783703125 0.249700534375 0.5076696078125 0.2833312859375 0.4850657765625 0.277877659375 0.31069310781250004
1 0.2669703390625 0.134705840625 0.20931816093750003 0.192245559375 0.2251591125 0.292932890625 0.3933130125 0.21543393437499997 0.382405759375 0.10241460312499999 0.2669703390625 0.134705840625
1 0.2642435609375 0.5496482515625 0.2187965609375 0.4963677234375 0.07977270625 0.4789983859375 0.0742750875 0.6142307265625 0.2142518609375 0.623918075 0.2660614125 0.6110017140624999 0.2642435609375 0.5496482515625
1 0.849600859375 0.6497511 0.711442009375 0.6384491546875 0.6627272515625 0.626413571875 0.6596324578125 0.73693740625 0.7059884515625 0.76922864375 0.8505098546875001 0.7466247515625 0.849600859375 0.6497511
1 0.682045434375 0.5557350578125 0.6896275046875 0.6287617484375 0.8377847515625 0.6368345578125 0.8241506515625 0.5496482515625 0.682045434375 0.5557350578125
1 0.6934090703125 0.3840872390625 0.7150778515625 0.5512627906249999 0.8605082515625 0.5286589609375001 0.8450561593750001 0.3510571546875 0.6934090703125 0.3840872390625
1 0.6911363421875001 0.28109854843750004 0.701443753125 0.3833483921875 0.8423294515625 0.3429843453125 0.8296042078125 0.24126689843750002 0.6911363421875001 0.28109854843750004
1 0.6987169046874999 0.3623590390625 0.5252272515625 0.3255250421875 0.51329313125 0.48022210468750004 0.6278195578125 0.5141278781249999 0.693263209375 0.5157424171875 0.6987169046874999 0.3623590390625
1 0.6759934046875 0.5286589609375001 0.5161363421875 0.4971728609375 0.506021584375 0.5964705109375 0.6123676046875 0.6336054812499999 0.6705397093750001 0.5770958171875 0.6759934046875 0.5286589609375001
1 0.6405446625 0.7272500578125001 0.6087317624999999 0.6998026171875 0.494545434375 0.6930533140625 0.4960232578125 0.8451131249999999 0.619639153125 0.8677168921874999 0.643271509375 0.8483421984374999 0.6405446625 0.7272500578125001
1 0.794155603125 0.7837597234375 0.644545434375 0.749596125 0.646907353125 0.86125874375 0.7005347578125 0.9129246734375001 0.7877930515625 0.9064664 0.794155603125 0.7837597234375
1 0.2649999796875 0.545638128125 0.2551541609375 0.7127189781250001 0.3796789125 0.71756265 0.377861059375 0.5561064640625 0.2649999796875 0.545638128125
1 0.283181796875 0.4285137328125 0.2833312859375 0.5496482515625 0.381496834375 0.5528773890625 0.382405759375 0.3946502765625 0.283181796875 0.4285137328125
1 0.258181796875 0.277059775 0.281513434375 0.4350143234375 0.39876663749999997 0.38011925625 0.373316359375 0.22835041562499997 0.258181796875 0.277059775
1 0.2536363421875 0.725363490625 0.2506094609375 0.8241237703125 0.3651358859375 0.8225092328124999 0.3669537375 0.7256354593750001 0.2536363421875 0.725363490625
1 0.24424683906250003 0.6336054812499999 0.0627272515625 0.6243941859375 0.0597320625 0.7514684859375 0.20607138749999998 0.728864596875 0.24424683906250003 0.73047919375 0.24424683906250003 0.6336054812499999
1 0.038863615625 0.2851373203125 0.0379174875 0.3591299640625 0.2160697125 0.2719435984375 0.0642767625 0.2493397078125 0.038863615625 0.2851373203125
1 0.053369440625 0.339755209375 0.029772706249999996 0.4123586453125 0.0324638625 0.5431899812500001 0.1060879875 0.4447017296875 0.1106326875 0.3349115359375 0.053369440625 0.339755209375
1 1 0.13309133281250002 0.8502272515625 0.14983845 0.8532367031250001 0.2945474890625 0.8750512078125 0.30746397187499996 1 0.3026202984375 1 0.13309133281250002
1 0.8524999796875001 0.301292409375 0.8541455593749999 0.45277453906250004 0.99775810625 0.4511599421875 0.999575959375 0.30584937343749996 0.8524999796875001 0.301292409375