1 0.668050365625 0.10825188593749999 0.67170336875 0.226855465625 0.8020896453124999 0.1826704015625 0.8004837124999999 0.0512475109375 0.668050365625 0.10825188593749999
1 0.24232374218750002 0.48490069062499996 0.24194273906250002 0.3116461828125 0.075270996875 0.323784509375 0.065760396875 0.49165107656249996 0.20793579218749997 0.510553909375 0.24232374218750002 0.48490069062499996
1 0.3528520171875 0.0943733421875 0.2361393359375 0.1372900734375 0.1766407765625 0.1999914390625 0.1895894890625 0.298852428125 0.3604928515625 0.205982096875 0.3528520171875 0.0943733421875
1 0.1689919578125 0.6296928421875 0.2213287640625 0.6120020390625001 0.2212960203125 0.5510326078125 0.1772719515625 0.5021665171875 0.03835155625 0.49779099687499995 0.0288917078125 0.633061046875 0.1689919578125 0.6296928421875
1 0.6579150375 0.7287496140624999 0.8035154109375 0.6927805109375 0.8054306921875 0.59633076875 0.66720075625 0.5979209156249999 0.618695859375 0.59045928125 0.6123668390625 0.7008838515625 0.6579150375 0.7287496140624999
1 0.6401326 0.518231240625 0.64560564375 0.5902967828125 0.7939572203124999 0.5845586890625001 0.7828277828125 0.49894613593750003 0.6401326 0.518231240625
1 0.6565381421875001 0.346127578125 0.6733913734375 0.5107017328125 0.819903378125 0.47464813125000005 0.8095891296875 0.299105925 0.6565381421875001 0.346127578125
1 0.6572641796875 0.24371108125 0.6646177 0.3446438765625 0.8070900859375 0.2913150515625 0.79729618125 0.1911377109375 0.6572641796875 0.24371108125
1 0.65254996875 0.4773351375 0.6624954390625 0.32398171875 0.48957724375 0.30341597343750004 0.473094209375 0.45868132812500007 0.5869635343749999 0.48181428125 0.65254996875 0.4773351375
1 0.62797015 0.5405875171875001 0.6348531296875 0.49181299218749996 0.475451021875 0.4753082109375 0.46240926406250005 0.5751989671875 0.5679802140625 0.602310803125 0.62797015 0.5405875171875001
1 0.5684411500000001 0.8349256734375 0.5927074625000001 0.8134204015625001 0.5935063484375 0.693006115625 0.56240209375 0.6686142828125 0.4480813875 0.6725110328125 0.445126171875 0.8239007015625001 0.5684411500000001 0.8349256734375
1 0.7359522093749999 0.8578965921874999 0.745913984375 0.7350278671875 0.5968666375 0.7149017265625 0.5959769328125 0.8259534687500001 0.6482522578125 0.8724496187499999 0.7359522093749999 0.8578965921874999
1 0.22217165625000002 0.5469661640625 0.20742160312500002 0.7143776578125001 0.332166340625 0.7076202 0.3350547390625 0.546898703125 0.22217165625000002 0.5469661640625
1 0.243824090625 0.4285606546875 0.24043913125 0.549256934375 0.3387952953125 0.5433427140625 0.344324153125 0.385585315625 0.243824090625 0.4285606546875
1 0.223171196875 0.2799629140625 0.24196119062500002 0.4351936765625 0.36115654375 0.36958319375 0.340061253125 0.2207135609375 0.223171196875 0.2799629140625
1 0.2055303953125 0.727119075 0.1996127609375 0.8258149796875 0.314518621875 0.81355205 0.319168665625 0.716848515625 0.2055303953125 0.727119075
1 0.1959643640625 0.733090334375 0.19879127968750002 0.6365559703125 0.0170137796875 0.6442631640625 0.010301685937500001 0.77117095625 0.15772525625 0.7350327421875 0.1959643640625 0.733090334375
1 0 0.38216353281250004 0.1810862140625 0.2787822203125 0.029512421875 0.270378353125 0.002980909375 0.3084146734375 0 0.379215478125 0 0.38216353281250004
1 0 0.551147596875 0.065744021875 0.46116645 0.073505746875 0.351338071875 0.0159349953125 0.361491803125 0 0.40756175937499994 0 0.551147596875
1 0.9663960265625 0.23642478281249998 0.9713431281249999 0.0674896765625 0.82064708125 0.0981110375 0.8194424453125 0.2420332 0.8409433265624999 0.2528751 0.9663960265625 0.23642478281249998
1 0.8185067578125 0.24882302968749997 0.8157366421875001 0.3996214359375 0.9598130234375001 0.3846526515625 0.965876525 0.23968199375000002 0.8185067578125 0.24882302968749997