1 0.10942714073632362 0.4210566816688531 0.18285219473518963 0.10109060509226264
1 0.40254219055883844 0.1840069187970222 0.2310367235911301 0.1413207629424181
1 0.067476128125 0.239399934375 0.3104496921875 0.5235785875000001 0.32147430625 0.4508679421875 0.131290240625 0.230655159375 0.067476128125 0.239399934375
1 0.3101848359375 0.26535426093750003 0.327443984375 0.5158847703125 0.5746706953125 0.498133415625 0.5573537640625 0.24941608906249998 0.3101848359375 0.26535426093750003
1 0.50767701875 0 0.542594946875 0.179883240625 0.7189201796875 0.144473275 0.705886275 0 0.50767701875 0
1 0.5930468765625 0.1985680984375 0.59307868125 0.4249927390625 0.7920797046875 0.403346134375 0.7742917328125001 0.176444459375 0.5930468765625 0.1985680984375
1 0.0332566890625 0.7425208203125 0.2203609265625 0.733299228125 0.21011552187500002 0.65177136875 0.249964790625 0.627662196875 0.2457634078125 0.472037728125 0.021886653125 0.4854873265625 0.0332566890625 0.7425208203125
1 0.5757605703124999 0.70589554375 0.575663646875 0.5265678125 0.2703052359375 0.536004053125 0.5757605703124999 0.70589554375
1 0.25292375 0.8889478828125 0.3895165296875 0.880992259375 0.3831379921875 0.8042672046874999 0.5623371390624999 0.7452256484374999 0.5226245796875 0.5966974953124999 0.2076543359375 0.6519147171874999 0.2065579515625 0.6529173921875 0.25292375 0.8889478828125
1 0.6896269765625 0.6121109046875 0.6892923640624999 0.4612892484375 0.8915723921875 0.46291586718750005 0.8934534515625 0.4108499390625 0.5933176718750001 0.4270495953125 0.602198475 0.615526984375 0.6896269765625 0.6121109046875
1 0.6996133453125 0.4690735984375 0.69840414375 0.7222165078125 0.96198265 0.6783725781250001 0.9525165484375 0.44260614531250003 0.6996133453125 0.4690735984375
1 1 0.6849262171875 0.3896950734375 0.7764144046875 0.3833052984375 0.8796780343749999 0.41881637656250004 0.8725816609375 1 0.841916403125 1 0.6849262171875