1 0.7207358390625 1 0.7061306578125001 0.87759954375 0.470870890625 0.7592377609375001 0.43456819218750004 0.859257003125 0.4567135109375 1 0.7207358390625 1
1 0.2929892859375 0.38982470468749997 0.33534395781250004 0.4176739921875 0.3740895625 0.25756918125 0.124791203125 0.068248078125 0.07534367343750001 0.272609603125 0.277193325 0.44654774374999995 0.2929892859375 0.38982470468749997
1 0.6369528984375 0.514110296875 0.6953175500000001 0.36119870781249996 0.6735386171875 0.1766216203125 0.5688388421874999 0.1336713703125 0.49499766406249995 0.2493244609375 0.511477228125 0.3814069828125 0.6369528984375 0.514110296875
1 0.8954867359375 1 0.896771378125 0.9944959484375 0.760333190625 0.8919965937500001 0.7340329296875 1 0.8954867359375 1
1 0.2670741421875 1 0.2617154296875 0.82782386875 0.1474373578125 0.7518829703125001 0.1136677890625 0.897983 0.12959593593750002 0.9667937796875 0.19524027187499998 1 0.2670741421875 1
1 0.08972770937499999 0.5241218921875 0.112558378125 0.769486559375 0.3490770578125 0.8174173343750001 0.3263341671875 0.5640403375 0.08972770937499999 0.5241218921875
1 0.366090215625 0.7314804109375 0.459916646875 0.7877838890625 0.5012894734375 0.5830113124999999 0.3615671203125 0.4318515234375 0.293228853125 0.39046508125 0.25719234687500003 0.5281950359375001 0.366090215625 0.7314804109375
1 0.4251360625 0.40004340312500003 0.41920733749999994 0.48264491875 0.50914995625 0.5868059062500001 0.4796107375 0.7306647625 0.5435086765625 0.7869466828125 0.581040615625 0.7724161171875 0.6125109953125001 0.46453735468749996 0.51732448125 0.3808129328125 0.4251360625 0.40004340312500003
1 0.7457233234375 0.4651359046875 0.6696944234375 0.668483415625 0.8785978906249999 0.881512546875 0.9316507578125 0.6280904625 0.7457233234375 0.4651359046875
1 1 0.420864165625 0.98279611875 0.3472179 0.9313438671875 0.652618628125 0.9643031234375 0.7993143734375 1 0.80421323125 1 0.420864165625
1 0.9014470703124999 0.17356215625 0.9670872453125 0.44076271875 0.9768648046875 0.317284315625 0.93971430625 0.1587659171875 0.9014470703124999 0.17356215625
1 0.313179459375 0.2055769484375 0.56677181875 0.05579714375 0.5593102156249999 0.04238199375 0.456255665625 0.0345729875 0.2116130015625 0.0594274296875 0.313179459375 0.2055769484375
1 0.0978225375 0.692899328125 0.09503446875 0.517110321875 0.22113461406249998 0.5318583171875 0.2167580375 0.40522472499999995 0.1299710921875 0.3405507578125 0.023137290625 0.30109296093750004 0.0214416484375 0.368138878125 0.0316695015625 0.5437443296875 0.0624207734375 0.6765920999999999 0.0978225375 0.692899328125
1 1 0.7875588234374999 0.9426739265625 0.761093728125 0.9742698531249999 0.9070072625 1 0.9153907015625 1 0.7875588234374999
1 0.7887808421875 0.31714011875 0.7313003015625 0.4218477078125 0.9341639140625 0.6217108625 0.95792016875 0.48303276406249995 0.7887808421875 0.31714011875
1 0.066751365625 0.2397991953125 0.030536487499999997 0.13936613125 0.0086290078125 0.148154346875 0.0171883109375 0.2951119125 0.0386970015625 0.3038919 0.066751365625 0.2397991953125