1 0.7324635374999999 0.1436621734375 0.7389052359375 0.263582175 0.8684254953125 0.2373237921875 0.8637326562500001 0.10478355156250001 0.7324635374999999 0.1436621734375
1 0.3150190453125 0.46335696875 0.3105708578125 0.2888721515625 0.1439653046875 0.2777936875 0.1383824390625 0.4454711984375 0.2811881078125 0.48437733437499997 0.3150190453125 0.46335696875
1 0.4165257890625 0.0856273625 0.300667296875 0.11252024375 0.242562403125 0.16733020781250002 0.25784860625 0.26867295 0.426796365625 0.1990624828125 0.4165257890625 0.0856273625
1 0.2449896328125 0.598881659375 0.29697987656249997 0.5883868999999999 0.29551599687499996 0.526998678125 0.250287153125 0.47164642343749996 0.1110817484375 0.447821315625 0.1047845875 0.582687953125 0.2449896328125 0.598881659375
1 0.7368794265624999 0.766958578125 0.8818265953125 0.7510987734375 0.8814804921875 0.654261515625 0.743106478125 0.6365391265625 0.6943627859375 0.6222462375 0.6906173796874999 0.7325362625 0.7368794265624999 0.766958578125
1 0.7141322999999999 0.5525241671875001 0.721304071875 0.6258443875 0.8697156453125 0.64080556875 0.8565620781250001 0.5530555859375 0.7141322999999999 0.5525241671875001
1 0.7265197015625 0.3815446265625 0.747257984375 0.5495927921875 0.8931159984375 0.5337753515625 0.8786678312499999 0.3555987125 0.7265197015625 0.3815446265625
1 0.7248427390625001 0.2785338296875 0.7345750359375 0.381180296875 0.8759826390625 0.347405565625 0.8638244875 0.2451785421875 0.7248427390625001 0.2785338296875
1 0.7256060375 0.513086065625 0.7319650015625 0.3600810921875 0.5583371578125 0.315203171875 0.5454769265625 0.4692191765625 0.6600386687500001 0.5084272265625 0.7256060375 0.513086065625
1 0.70247864375 0.5733321203124999 0.708225803125 0.525188415625 0.5482271046875 0.48628848125 0.5375128984375 0.5850347453125 0.64385876875 0.6270886703125 0.70247864375 0.5733321203124999
1 0.64978031875 0.8613483046875 0.673573696875 0.8430891515625 0.6715472296875 0.7219684765625 0.6398296234374999 0.693062828125 0.5254503578125 0.6810050140625 0.5260447296875 0.833010075 0.64978031875 0.8613483046875
1 0.8180503874999999 0.907891865625 0.8251412203124999 0.7855809703125 0.67542586875 0.7444825796875 0.6771416375 0.8561644078124999 0.7305769375 0.9102840750000001 0.8180503874999999 0.907891865625
1 0.2962973328125 0.5230270140625 0.285457459375 0.6895139328125001 0.4102072875 0.700148790625 0.4093269734375 0.538739165625 0.2962973328125 0.5230270140625
1 0.31519893125 0.40684390937500003 0.3146425515625 0.52788698125 0.41298896875 0.5356819140625 0.4148221515625 0.3776256375 0.31519893125 0.40684390937500003
1 0.2910310015625 0.2543495359375 0.3134892796875 0.4132615765625 0.43130102499999995 0.363867821875 0.40668373593749996 0.21103786875 0.2910310015625 0.2543495359375
1 0.2838628390625 0.7020775375 0.28025406249999996 0.800616725 0.395022875 0.80433331875 0.39740916406250004 0.7076228390625 0.2838628390625 0.7020775375
1 0.2744244125 0.706752115625 0.27498915468749996 0.6099570984375 0.093154009375 0.59230574375 0.0894119265625 0.7191374265625 0.23618071562499998 0.703362225 0.2744244125 0.706752115625
1 0.0712195828125 0.2522139109375 0.069840178125 0.326102415625 0.248863075 0.2472777078125 0.0968931140625 0.21762805312500003 0.0712195828125 0.2522139109375
1 0.142844484375 0.30528767343749996 0.08543651249999999 0.3074625 0.061368521875000005 0.378908815625 0.0633024515625 0.5097591109375 0.1376505 0.41477717968750005 0.142844484375 0.30528767343749996
1 1 0.14730903281250002 0.88502248125 0.15478411875 0.88719445 0.2995156578125 0.90897803125 0.31343685 1 0.31414559531249997 1 0.14730903281250002
1 1 0.31500681875000003 0.88641690625 0.3062208125 0.8871827453125001 0.45765646875000005 1 0.46163105781249997 1 0.31500681875000003