1 0.1284646037268712 0.29270747034250477 0.20585736364988402 0.15189937551288207
1 0.48839004346047865 0.1688482287082807 0.26420837452429885 0.20575388737588024
1 0.16213161874999998 0.1064754796875 0.270551853125 0.45868842968749995 0.30935754531250004 0.3936159390625 0.223612815625 0.1200320484375 0.16213161874999998 0.1064754796875
1 0.37252784375000003 0.2141019703125 0.289048575 0.45721889843749997 0.52085323125 0.5250093296875 0.6035622218750001 0.283589415625 0.37252784375000003 0.2141019703125
1 0.66163023125 0.009630314062500001 0.617667771875 0.2127029890625 0.7919990609374999 0.2395119890625 0.8479833375 0.065093084375 0.66163023125 0.009630314062500001
1 0.656142225 0.24765851562500002 0.5665420906249999 0.46205617187500003 0.756041990625 0.5096561875 0.829687096875 0.2887309109375 0.656142225 0.24765851562500002
1 0 0.5928207 0.105626528125 0.6264319671874999 0.128583825 0.545732684375 0.17435816875000001 0.5365412203125 0.23214144375 0.3877528640625 0.0232693359375 0.32387945625 0 0.386823234375 0 0.5928207
1 0.43960255156250005 0.7220987234375 0.51050040625 0.5522717874999999 0.22913406093750002 0.45671634218749996 0.43960255156250005 0.7220987234375
1 0.0736198265625 0.7849481703125 0.2009588125 0.8241559296875 0.2255306890625 0.7493273031250001 0.4118293796875 0.75474450625 0.434516946875 0.6005236890625001 0.12628937812500002 0.5450262218749999 0.12489564375 0.5456004203125 0.0736198265625 0.7849481703125
1 0.5802537609375 0.6722638734374999 0.6396515234375 0.5293461515625 0.8229200999999999 0.60010410625 0.845240390625 0.5514499390625 0.5659451843750001 0.46408545468750007 0.4994117625 0.645581346875 0.5802537609375 0.6722638734374999
1 0.6459539390625 0.5402483625000001 0.5446491921875001 0.7795191531250001 0.8016494671875 0.8281996109374999 0.8863698671875 0.601728515625 0.6459539390625 0.5402483625000001
1 0.8554262359375 0.8519224031249999 0.242517759375 0.7251990546875 0.1958318078125 0.820786165625 0.2309274484375 0.8262185390625 0.6893419125 0.9702511609375 0.8144702984375 0.9651525703124999 0.8358677484375001 0.9068003250000001 0.8554262359375 0.8519224031249999