1 0.09453125 0.4265625 0.1796875 0.090625
1 0.3953125 0.20703125 0.2265625 0.12890625
1 0.05899610625 0.242836065625 0.29157289375 0.540560775 0.3051090890625 0.4686385234375 0.12298544375 0.2378182453125 0.05899610625 0.242836065625
1 0.3003076640625 0.282845190625 0.3088008203125 0.5338703703125 0.5561443500000001 0.5305251359375001 0.5475303390625 0.2813061 0.3003076640625 0.282845190625
1 0.5033845875 0.0087866125 0.535224690625 0.2110565296875 0.71242605625 0.1859673671875 0.7025815 0.006997934375000001 0.5033845875 0.0087866125
1 0.5849230484375 0.2326359859375 0.5770639156249999 0.458602884375 0.77641539375 0.44856718124999995 0.766571025 0.22109213749999998 0.5849230484375 0.2326359859375
1 0.186974875 0.6626614156249999 0.22758346093749998 0.6409174234374999 0.22881410156249998 0.48536463124999996 0.0049230484375 0.4857740609375 0.007312417187500001 0.7429467203125 0.194358246875 0.74461930625 0.186974875 0.6626614156249999
1 0.2510768953125 0.5506276171875 0.549991525 0.7379289015625 0.5561443500000001 0.5589595328125 0.2510768953125 0.5506276171875
1 0.535224690625 0.7763989375 0.5007689281250001 0.6258639640625 0.1845136890625 0.6626614156249999 0.1833845875 0.663598328125 0.2214306375 0.9018447484375001 0.35802341718749997 0.9018447484375001 0.3543316859375 0.824904675 0.535224690625 0.7763989375
1 0.873630134375 0.513799028125 0.8773218671875 0.46194811874999997 0.577230740625 0.4606694578125 0.5795251015625 0.649280478125 0.6668951921875 0.6509531265625 0.6718173765625 0.5004181546875001 0.873630134375 0.513799028125
1 0.6818461250000001 0.5087866125 0.6718173765625 0.7613454140625 0.9363888328125001 0.7329110171875 0.9351583796874999 0.49707291875 0.6818461250000001 0.5087866125
1 0.997917078125 0.7964702156250001 0.9966866265625001 0.7396016140625 0.361846125 0.7974895421875 0.35187059375 0.9001721625 0.3875569 0.8951542796874999 0.99914771875 0.8984995781249999 0.997917078125 0.7964702156250001